-14.9473684210526,491.803278688525,4,1,0,100,1,0
39337,-100,4,1,0,100,0,1
70812,-100,4,1,0,100,0,0
102288,-100,4,1,0,100,0,1
133763,-100,4,1,0,100,0,0
135722,500,4,1,0,100,1,0
136722,508.474576271187,4,1,0,100,1,8
137738,512.820512820513,4,1,0,100,1,0


[HitObjects]
256,96,8345,5,8,0:0:0:0:
256,96,8837,1,8,0:0:0:0:
256,96,9329,1,8,0:0:0:0:
256,96,10312,1,0,0:0:0:0:
256,96,11296,1,8,0:0:0:0:
256,96,12771,1,0,0:0:0:0:
256,96,13263,1,8,0:0:0:0:
256,96,14247,1,8,0:0:0:0:
256,96,16214,1,0,0:0:0:0:
256,96,16706,1,0,0:0:0:0:
256,96,17198,1,0,0:0:0:0:
256,96,18181,1,8,0:0:0:0:
256,96,19165,1,8,0:0:0:0:
256,96,20640,1,8,0:0:0:0:
256,96,21132,1,0,0:0:0:0:
256,96,22116,1,8,0:3:0:0:
256,96,23591,5,0,0:0:0:0:
256,96,24083,1,8,0:0:0:0:
256,96,24575,1,8,0:0:0:0:
256,96,25067,1,0,0:0:0:0:
256,96,26050,1,8,0:0:0:0:
256,96,27034,1,8,0:0:0:0:
256,96,27526,1,0,0:0:0:0:
256,96,28509,1,0,0:0:0:0:
256,96,29001,1,8,0:0:0:0:
256,96,29985,1,8,0:0:0:0:
256,96,31460,5,8,0:0:0:0:
256,96,31952,1,0,0:0:0:0:
256,96,32444,1,0,0:0:0:0:
256,96,32935,1,8,0:0:0:0:
256,96,33919,1,8,0:0:0:0:
256,96,34903,1,0,0:0:0:0:
256,96,35394,1,8,0:0:0:0:
256,96,36378,1,8,0:0:0:0:
256,96,36870,5,0,0:0:0:0:
256,96,39329,5,4,0:0:0:0:
256,96,40312,1,8,0:0:0:0:
256,96,40804,1,8,0:0:0:0:
256,96,41788,1,0,0:0:0:0:
256,96,42771,1,8,0:0:0:0:
256,96,43263,1,0,0:0:0:0:
256,96,43755,1,0,0:0:0:0:
256,96,44247,1,8,0:0:0:0:
256,96,45230,1,0,0:0:0:0:
256,96,45968,1,8,0:0:0:0:
256,96,47198,5,0,0:0:0:0:
256,96,48181,1,8,0:0:0:0:
256,96,48673,1,8,0:0:0:0:
256,96,49657,1,0,0:0:0:0:
256,96,51132,5,0,0:0:0:0:
256,96,51624,1,8,0:0:0:0:
256,96,52116,1,0,0:0:0:0:
256,96,52608,1,8,0:0:0:0:
256,96,53591,1,0,0:0:0:0:
256,96,55067,5,4,0:0:0:0:
256,96,56050,1,8,0:0:0:0:
256,96,56542,1,8,0:0:0:0:
256,96,57526,1,0,0:0:0:0:
256,96,58509,1,8,0:0:0:0:
256,96,59001,1,0,0:0:0:0:
256,96,59493,1,0,0:0:0:0:
256,96,59985,1,8,0:0:0:0:
256,96,60968,1,0,0:0:0:0:
256,96,61706,1,8,0:0:0:0:
256,96,62935,5,0,0:0:0:0:
256,96,63919,1,8,0:0:0:0:
256,96,64411,1,8,0:0:0:0:
256,96,65394,1,0,0:0:0:0:
256,96,66870,5,0,0:0:0:0:
256,96,67362,1,8,0:0:0:0:
256,96,67853,1,0,0:0:0:0:
256,96,68345,1,8,0:0:0:0:
256,96,68837,1,0,0:0:0:0:
256,96,70804,5,4,0:0:0:0:
256,96,71788,1,8,0:0:0:0:
256,96,72771,1,0,0:0:0:0:
256,96,73263,1,0,0:0:0:0:
256,96,73755,1,8,0:0:0:0:
256,96,74739,1,0,0:0:0:0:
256,96,75722,1,8,0:0:0:0:
256,96,76706,1,0,0:0:0:0:
256,96,77198,1,8,0:0:0:0:
256,96,77689,1,0,0:0:0:0:
256,96,78673,1,8,0:0:0:0:
256,96,79657,1,0,0:0:0:0:
256,96,80640,1,8,0:0:0:0:
256,96,81132,1,8,0:0:0:0:
256,96,81624,1,0,0:0:0:0:
256,96,82608,1,8,0:0:0:0:
256,96,83591,1,0,0:0:0:0:
256,96,84575,1,8,0:0:0:0:
256,96,86542,5,12,0:0:0:0:
256,96,87526,1,8,0:0:0:0:
256,96,88509,1,0,0:0:0:0:
256,96,89001,1,8,0:0:0:0:
256,96,89493,1,8,0:0:0:0:
256,96,89985,1,0,0:0:0:0:
256,96,90968,1,0,0:0:0:0:
256,96,91460,1,8,0:0:0:0:
256,96,92444,1,0,0:0:0:0:
256,96,92936,1,8,0:0:0:0:
256,96,93427,1,0,0:0:0:0:
256,96,93919,1,0,0:0:0:0:
256,96,94903,1,0,0:0:0:0:
256,96,95395,1,8,0:0:0:0:
256,96,96378,1,8,0:0:0:0:
256,96,96870,1,8,0:0:0:0:
256,96,97362,1,0,0:0:0:0:
256,96,98345,1,0,0:0:0:0:
256,96,99329,1,8,0:0:0:0:
256,96,99821,1,0,0:0:0:0:
256,96,100313,1,8,0:0:0:0:
256,96,102280,5,4,0:0:0:0:
256,96,103263,1,8,0:0:0:0:
256,96,103755,1,8,0:0:0:0:
256,96,104739,1,0,0:0:0:0:
256,96,105722,1,8,0:0:0:0:
256,96,106214,1,0,0:0:0:0:
256,96,106706,1,0,0:0:0:0:
256,96,107198,1,8,0:0:0:0:
256,96,108181,1,0,0:0:0:0:
256,96,108919,1,8,0:0:0:0:
256,96,110148,5,0,0:0:0:0:
256,96,111132,1,8,0:0:0:0:
256,96,111624,1,8,0:0:0:0:
256,96,112608,1,0,0:0:0:0:
256,96,114083,5,0,0:0:0:0:
256,96,114575,1,8,0:0:0:0:
256,96,115067,1,0,0:0:0:0:
256,96,115558,1,8,0:0:0:0:
256,96,116542,1,0,0:0:0:0:
256,96,118017,5,4,0:0:0:0:
256,96,119001,1,8,0:0:0:0:
256,96,119493,1,8,0:0:0:0:
256,96,120476,1,0,0:0:0:0:
256,96,121460,1,8,0:0:0:0:
256,96,121952,1,0,0:0:0:0:
256,96,122444,1,0,0:0:0:0:
256,96,122935,1,8,0:0:0:0:
256,96,123919,1,0,0:0:0:0:
256,96,124657,1,8,0:0:0:0:
256,96,125886,5,0,0:0:0:0:
256,96,126870,1,8,0:0:0:0:
256,96,127362,1,8,0:0:0:0:
256,96,128345,1,0,0:0:0:0:
256,96,129821,5,0,0:0:0:0:
256,96,130312,1,8,0:0:0:0:
256,96,130804,1,0,0:0:0:0:
256,96,131296,1,8,0:0:0:0:
256,96,131788,1,0,0:0:0:0:
256,96,133755,5,0,0:0:0:0:
256,96,134739,1,8,0:0:0:0:
256,96,135722,1,8,0:0:0:0:
256,96,136472,1,0,0:0:0:0:
256,96,137738,1,0,0:0:0:0:
256,96,138763,1,8,0:0:0:0:
256,96,139532,1,0,0:0:0:0:
