256,96,1391,5,8,0:0:0:0:
256,96,1743,1,0,0:0:0:0:
256,96,1920,1,8,0:0:0:0:
256,96,2273,1,0,0:0:0:0:
256,96,2449,1,8,0:0:0:0:
256,96,2802,1,0,0:0:0:0:
256,96,3332,1,8,0:0:0:0:
256,96,3861,1,0,0:0:0:0:
256,96,4214,1,8,0:0:0:0:
256,96,4567,1,0,0:0:0:0:
256,96,4743,1,8,0:0:0:0:
256,96,5096,1,0,0:0:0:0:
256,96,5273,1,8,0:0:0:0:
256,96,5626,1,0,0:0:0:0:
256,96,6155,1,8,0:0:0:0:
256,96,6685,1,8,0:0:0:0:
256,96,6861,1,8,0:0:0:0:
256,96,7038,1,0,0:0:0:0:
256,96,7390,1,8,0:0:0:0:
256,96,7567,1,0,0:0:0:0:
256,96,7920,1,8,0:0:0:0:
256,96,8273,1,0,0:0:0:0:
256,96,8802,1,8,0:0:0:0:
256,96,8979,1,0,0:0:0:0:
256,96,9332,1,0,0:0:0:0:
256,96,9508,1,8,0:0:0:0:
256,96,9861,1,0,0:0:0:0:
256,96,10214,1,8,0:0:0:0:
256,96,10390,1,8,0:0:0:0:
256,96,10743,1,8,0:0:0:0:
256,96,10920,1,8,0:0:0:0:
256,96,11096,1,0,0:0:0:0:
256,96,11449,1,0,0:0:0:0:
256,96,11626,1,8,0:0:0:0:
256,96,11979,1,0,0:0:0:0:
256,96,12685,1,8,0:0:0:0:
256,96,13038,1,0,0:0:0:0:
256,96,13214,1,8,0:0:0:0:
256,96,13567,1,0,0:0:0:0:
256,96,13743,1,8,0:0:0:0:
256,96,14096,1,8,0:0:0:0:
256,96,14449,1,8,0:0:0:0:
256,96,14626,1,0,0:0:0:0:
256,96,15155,1,0,0:0:0:0:
256,96,15508,1,8,0:0:0:0:
256,96,15861,1,0,0:0:0:0:
256,96,16038,1,8,0:0:0:0:
256,96,16390,1,0,0:0:0:0:
256,96,16567,1,8,0:0:0:0:
256,96,16920,1,0,0:0:0:0:
256,96,17273,1,0,0:0:0:0:
256,96,17449,1,8,0:0:0:0:
256,96,17979,1,8,0:0:0:0:
256,96,18155,1,8,0:0:0:0:
256,96,18332,1,0,0:0:0:0:
256,96,18685,1,8,0:0:0:0:
256,96,18861,1,0,0:0:0:0:
256,96,19214,1,8,0:0:0:0:
256,96,19567,1,0,0:0:0:0:
256,96,19920,1,8,0:0:0:0:
256,96,20096,1,8,0:0:0:0:
256,96,20273,1,0,0:0:0:0:
256,96,20626,1,0,0:0:0:0:
256,96,20802,1,8,0:0:0:0:
256,96,21155,1,0,0:0:0:0:
256,96,21508,1,8,0:0:0:0:
256,96,21685,1,8,0:0:0:0:
256,96,22038,1,8,0:0:0:0:
256,96,22214,1,0,0:0:0:0:
256,96,22567,1,4,0:0:0:0:
256,96,23626,1,12,0:0:0:0:
256,96,23979,1,4,0:0:0:0:
256,96,24332,1,8,0:0:0:0:
256,96,24508,1,0,0:0:0:0:
256,96,24861,1,0,0:0:0:0:
256,96,25038,1,8,0:0:0:0:
256,96,25390,1,0,0:0:0:0:
256,96,25567,1,8,0:0:0:0:
256,96,25743,1,8,0:0:0:0:
256,96,25920,1,0,0:0:0:0:
256,96,26273,1,8,0:0:0:0:
256,96,26449,1,0,0:0:0:0:
256,96,26802,1,8,0:0:0:0:
256,96,27155,1,8,0:0:0:0:
256,96,27332,1,8,0:0:0:0:
256,96,27685,1,0,0:0:0:0:
256,96,27861,1,8,0:0:0:0:
256,96,28214,1,0,0:0:0:0:
256,96,28567,1,0,0:0:0:0:
256,96,28743,1,8,0:0:0:0:
256,96,29096,1,8,0:0:0:0:
256,96,29273,1,8,0:0:0:0:
256,96,29449,1,8,0:0:0:0:
256,96,29626,1,0,0:0:0:0:
256,96,29979,1,8,0:0:0:0:
256,96,30155,1,0,0:0:0:0:
256,96,30508,1,8,0:0:0:0:
256,96,30861,1,8,0:0:0:0:
256,96,31214,1,8,0:0:0:0:
256,96,31390,1,8,0:0:0:0:
256,96,31567,1,0,0:0:0:0:
256,96,31920,1,0,0:0:0:0:
256,96,32096,1,8,0:0:0:0:
256,96,32449,1,0,0:0:0:0:
256,96,32802,1,8,0:0:0:0:
256,96,32979,1,8,0:0:0:0:
256,96,33332,1,0,0:0:0:0:
256,96,33508,1,0,0:0:0:0:
256,96,33685,1,8,0:0:0:0:
256,96,34038,1,0,0:0:0:0:
256,96,34214,1,0,0:0:0:0:
256,96,34390,1,8,0:0:0:0:
256,96,34567,1,8,0:0:0:0:
256,96,35273,1,4,0:0:0:0:
256,96,35626,1,8,0:0:0:0:
256,96,35802,1,8,0:0:0:0:
256,96,36155,1,0,0:0:0:0:
256,96,36332,1,8,0:0:0:0:
256,96,36685,1,0,0:0:0:0:
256,96,36861,1,8,0:0:0:0:
256,96,37038,1,8,0:0:0:0:
256,96,37214,1,0,0:0:0:0:
256,96,37567,1,8,0:0:0:0:
256,96,37743,1,0,0:0:0:0:
256,96,38096,1,8,0:0:0:0:
256,96,38449,1,8,0:0:0:0:
256,96,38626,1,0,0:0:0:0:
256,96,38979,1,0,0:0:0:0:
256,96,39155,1,8,0:0:0:0:
256,96,39508,1,0,0:0:0:0:
256,96,39861,1,0,0:0:0:0:
256,96,40038,1,8,0:0:0:0:
256,96,40390,1,8,0:0:0:0:
256,96,40567,1,8,0:0:0:0:
256,96,40743,1,8,0:0:0:0:
256,96,40920,1,0,0:0:0:0:
256,96,41273,1,8,0:0:0:0:
256,96,41449,1,0,0:0:0:0:
256,96,41802,1,8,0:0:0:0:
256,96,42155,1,8,0:0:0:0:
256,96,42508,1,8,0:0:0:0:
256,96,42685,1,8,0:0:0:0:
256,96,42861,1,0,0:0:0:0:
256,96,43214,1,0,0:0:0:0:
256,96,43390,1,8,0:0:0:0:
256,96,43743,1,0,0:0:0:0:
256,96,44096,1,8,0:0:0:0:
256,96,44273,1,8,0:0:0:0:
256,96,44449,1,0,0:0:0:0:
256,96,44626,1,8,0:0:0:0:
256,96,44802,1,0,0:0:0:0:
256,96,45155,1,12,0:0:0:0:
256,96,46567,1,12,0:0:0:0:
256,96,46920,1,0,0:0:0:0:
256,96,47096,1,8,0:0:0:0:
256,96,47449,1,0,0:0:0:0:
256,96,47626,1,8,0:0:0:0:
256,96,47979,1,8,0:0:0:0:
256,96,48155,1,8,0:0:0:0:
256,96,48332,1,0,0:0:0:0:
256,96,48508,1,8,0:0:0:0:
256,96,48861,1,8,0:0:0:0:
256,96,49038,1,0,0:0:0:0:
256,96,49390,1,8,0:0:0:0:
256,96,49743,1,0,0:0:0:0:
256,96,49920,1,8,0:0:0:0:
256,96,50273,1,0,0:0:0:0:
256,96,50449,1,0,0:0:0:0:
256,96,50626,1,8,0:0:0:0:
256,96,50802,1,0,0:0:0:0:
256,96,51155,1,0,0:0:0:0:
256,96,51332,1,8,0:0:0:0:
256,96,51685,1,0,0:0:0:0:
256,96,51861,1,8,0:0:0:0:
256,96,52038,1,8,0:0:0:0:
256,96,52214,1,0,0:0:0:0:
256,96,52567,1,8,0:0:0:0:
256,96,52743,1,0,0:0:0:0:
256,96,53096,1,0,0:0:0:0:
256,96,53449,1,0,0:0:0:0:
256,96,53802,1,8,0:0:0:0:
256,96,53979,1,0,0:0:0:0:
256,96,54155,1,8,0:0:0:0:
256,96,54508,1,0,0:0:0:0:
256,96,54685,1,8,0:0:0:0:
256,96,55038,1,0,0:0:0:0:
256,96,55390,1,8,0:0:0:0:
256,96,55567,1,8,0:0:0:0:
256,96,55920,1,0,0:0:0:0:
256,96,56096,1,0,0:0:0:0:
256,96,56273,1,8,0:0:0:0:
256,96,56626,1,0,0:0:0:0:
256,96,56802,1,8,0:0:0:0:
256,96,56979,1,8,0:0:0:0:
256,96,57155,1,0,0:0:0:0:
256,96,57861,1,12,0:0:0:0:
256,96,58214,1,8,0:0:0:0:
256,96,58390,1,8,0:0:0:0:
256,96,58743,1,0,0:0:0:0:
256,96,58920,1,8,0:0:0:0:
256,96,59273,1,8,0:0:0:0:
256,96,59449,1,8,0:0:0:0:
256,96,59626,1,0,0:0:0:0:
256,96,59802,1,8,0:0:0:0:
256,96,60155,1,8,0:0:0:0:
256,96,60332,1,0,0:0:0:0:
256,96,60685,1,8,0:0:0:0:
256,96,61038,1,0,0:0:0:0:
256,96,61214,1,8,0:0:0:0:
256,96,61567,1,0,0:0:0:0:
256,96,61743,1,0,0:0:0:0:
256,96,61920,1,8,0:0:0:0:
256,96,62096,1,0,0:0:0:0:
256,96,62449,1,8,0:0:0:0:
256,96,62626,1,8,0:0:0:0:
256,96,62979,1,0,0:0:0:0:
256,96,63155,1,8,0:0:0:0:
256,96,63332,1,8,0:0:0:0:
256,96,63508,1,0,0:0:0:0:
256,96,63861,1,8,0:0:0:0:
256,96,64038,1,0,0:0:0:0:
256,96,64390,1,0,0:0:0:0:
256,96,64743,1,0,0:0:0:0:
256,96,65096,1,8,0:0:0:0:
256,96,65273,1,0,0:0:0:0:
256,96,65449,1,8,0:0:0:0:
256,96,65802,1,0,0:0:0:0:
256,96,65979,1,8,0:0:0:0:
256,96,66332,1,0,0:0:0:0:
256,96,66685,1,8,0:0:0:0:
256,96,66861,1,8,0:0:0:0:
256,96,67038,1,0,0:0:0:0:
256,96,67214,1,8,0:0:0:0:
256,96,67390,1,0,0:0:0:0:
256,96,67743,1,4,0:0:0:0:
256,96,68096,1,0,0:0:0:0:
256,96,68273,1,0,0:0:0:0:
256,96,68449,1,8,0:0:0:0:
256,96,68802,1,8,0:0:0:0:
256,96,69155,1,4,0:0:0:0:
256,96,70567,1,0,0:0:0:0:
256,96,70920,1,8,0:0:0:0:
256,96,71096,1,8,0:0:0:0:
256,96,71273,1,0,0:0:0:0:
256,96,71626,1,12,0:0:0:0:
256,96,71802,1,0,0:0:0:0: